SPIAresult.Cell_1	SPIAresult.Cell_2	SPIAresult.Distance	SPIAresult.SPIA_Score	SPIAresult.SNP_available	SPIAresult.Total_SNP	SPIAresult.One_SNP_NA	SPIAresult.Bot_SNP_NA	SPIAresult.Diff_AvsB_or_BvsA	SPIAresult.Diff_AorBvsAB_or_vic	SPIAresult.DiffABvsAorB	SPIAresult.counterBothHomoz	SPIAresult.counterBothHeter
NA06984	NA06985	0.62963	Different	135	143	8	0	12	73	25	15	35
NA06984	NA06986	0.53676	Different	136	143	7	0	9	64	26	16	47
NA06984	NA06989	0.46512	Uncertain	129	143	13	1	7	53	25	18	51
NA06984	NA06994	0.51938	Different	129	143	14	0	9	58	17	23	39
NA06984	NA07037	0.5597	Different	134	143	9	0	12	63	23	15	44
NA06984	NA07048	0.53543	Different	127	143	15	1	9	59	37	3	56
NA06984	NA07346	0.58088	Different	136	143	6	1	13	66	22	16	41
NA06984	NA10847	0.55147	Different	136	143	7	0	12	63	26	14	47
NA06984	NA10851	0.56391	Different	133	143	10	0	16	59	22	11	47
NA06984	NA11840	0.61481	Different	135	143	8	0	5	78	27	18	34
NA06984	NA11843	0.625	Different	136	143	7	0	11	74	22	19	32
NA06984	NA11919	0.64615	Different	130	143	13	0	8	76	23	15	31
NA06984	NA11992	0.64234	Different	137	143	5	1	8	80	30	14	35
NA06984	NA11995	0.6	Different	135	143	8	0	12	69	21	18	36
NA06984	NA12004	0.62903	Different	124	143	17	2	11	67	23	15	31
NA06984	NA12006	0.54198	Different	131	143	11	1	13	58	21	17	43
NA06984	NA12044	0.54412	Different	136	143	7	0	17	57	19	16	46
NA06984	NA12155	0.55882	Different	136	143	7	0	8	68	23	20	40
NA06984	NA12156	0.5678	Different	118	143	24	1	9	58	23	12	39
NA06984	NA12249	0.62879	Different	132	143	11	0	15	68	30	6	43
NA06984	NA12272	0.55556	Different	135	143	7	1	16	59	24	12	48
NA06984	NA12273	0.69173	Different	133	143	10	0	13	79	25	13	28
NA06984	NA12282	0.56923	Different	130	143	12	1	11	63	22	18	38
NA06984	NA12341	0.616	Different	125	143	18	0	9	68	31	9	39
NA06984	NA12342	0.63704	Different	135	143	8	0	10	76	24	17	32
NA06984	NA12348	0.56618	Different	136	143	6	1	12	65	27	13	46
NA06984	NA12400	0.57353	Different	136	143	7	0	14	64	19	18	40
NA06984	NA12414	0.58647	Different	133	143	10	0	15	63	21	16	39
NA06984	NA12489	0.47899	Different	119	143	24	0	4	53	34	9	53
NA06984	NA12748	0.58647	Different	133	143	10	0	10	68	32	10	45
NA06984	NA12750	0.66912	Different	136	143	7	0	18	73	18	16	29
NA06984	NA12760	0.60741	Different	135	143	8	0	7	75	26	18	35
NA06984	NA12761	0.53383	Different	133	143	10	0	9	62	24	17	45
NA06984	NA12762	0.5	Different	136	143	7	0	13	55	23	15	53
NA06984	NA12763	0.57031	Different	128	143	15	0	7	66	26	13	42
NA06984	NA12775	0.65441	Different	136	143	7	0	14	75	26	12	35
NA06984	NA12812	0.5597	Different	134	143	9	0	12	63	28	11	48
NA06984	NA12815	0.66923	Different	130	143	12	1	16	71	22	11	32
NA06984	NA12829	0.672	Different	125	143	18	0	12	72	25	8	33
NA06984	NA12830	0.63359	Different	131	143	12	0	15	68	27	9	39
NA06984	NA12842	0.55357	Different	112	143	30	1	9	53	19	11	39
NA06984	NA12843	0.58088	Different	136	143	7	0	14	65	20	18	39
NA06984	NA12872	0.60305	Different	131	143	12	0	7	72	28	12	40
NA06984	NA12873	0.61719	Different	128	143	15	0	6	73	33	9	40
NA06984	NA12874	0.64844	Different	128	143	14	1	13	70	22	13	32
NA06984	NA12889	0.48	Not Valid	75	143	66	2	3	33	20	3	36
NA06984	NA12890	0.45865	Uncertain	133	143	10	0	7	54	26	19	53
NA06985	NA06986	0.67143	Different	140	143	3	0	28	66	40	10	36
NA06985	NA06989	0.63636	Different	132	143	11	0	10	74	47	15	33
NA06985	NA06994	0.66917	Different	133	143	10	0	17	72	35	22	22
NA06985	NA07037	0.68841	Different	138	143	5	0	16	79	43	18	25
NA06985	NA07048	0.65385	Different	130	143	13	0	11	74	55	5	40
NA06985	NA07346	0.66187	Different	139	143	4	0	19	73	38	21	26
NA06985	NA10847	0.75	Different	140	143	3	0	22	83	47	9	26
NA06985	NA10851	0.61314	Different	137	143	6	0	20	64	38	20	33
NA06985	NA11840	0.64029	Different	139	143	4	0	20	69	36	21	29
NA06985	NA11843	0.60714	Different	140	143	3	0	17	68	31	30	25
NA06985	NA11919	0.64925	Different	134	143	9	0	20	67	31	24	23
NA06985	NA11992	0.63571	Different	140	143	3	0	28	61	33	17	34
NA06985	NA11995	0.64748	Different	139	143	4	0	12	78	38	28	21
NA06985	NA12004	0.66667	Different	126	143	17	0	20	64	32	17	25
NA06985	NA12006	0.55224	Different	134	143	9	0	15	59	33	28	32
NA06985	NA12044	0.61429	Different	140	143	3	0	17	69	36	25	29
NA06985	NA12155	0.65	Different	140	143	3	0	20	71	38	20	29
NA06985	NA12156	0.71901	Different	121	143	22	0	14	73	40	12	22
NA06985	NA12249	0.64706	Different	136	143	7	0	11	77	45	19	29
NA06985	NA12272	0.54348	Different	138	143	5	0	9	66	38	28	35
NA06985	NA12273	0.62774	Different	137	143	6	0	32	54	23	19	32
NA06985	NA12282	0.58647	Different	133	143	10	0	17	61	30	26	29
NA06985	NA12341	0.54264	Different	129	143	14	0	10	60	37	25	34
NA06985	NA12342	0.58273	Different	139	143	4	0	11	70	33	34	24
NA06985	NA12348	0.64748	Different	139	143	4	0	19	71	42	16	33
NA06985	NA12400	0.62857	Different	140	143	3	0	23	65	31	24	28
NA06985	NA12414	0.64234	Different	137	143	6	0	17	71	36	23	26
NA06985	NA12489	0.55285	Different	123	143	20	0	10	58	47	12	43
NA06985	NA12748	0.59854	Different	137	143	6	0	14	68	44	19	36
NA06985	NA12750	0.67143	Different	140	143	3	0	19	75	30	28	18
NA06985	NA12760	0.67626	Different	139	143	4	0	20	74	38	19	26
NA06985	NA12761	0.62774	Different	137	143	6	0	12	74	42	22	29
NA06985	NA12762	0.65714	Different	140	143	3	0	13	79	48	17	31
NA06985	NA12763	0.62879	Different	132	143	11	0	19	64	38	14	35
NA06985	NA12775	0.63571	Different	140	143	3	0	24	65	34	20	31
NA06985	NA12812	0.58696	Different	138	143	5	0	14	67	41	22	35
NA06985	NA12815	0.61194	Different	134	143	8	1	18	64	30	24	28
NA06985	NA12829	0.69767	Different	129	143	14	0	16	74	38	18	21
NA06985	NA12830	0.53333	Different	135	143	8	0	10	62	35	29	34
NA06985	NA12842	0.63793	Different	116	143	26	1	17	57	33	14	28
NA06985	NA12843	0.6	Different	140	143	3	0	17	67	34	27	29
NA06985	NA12872	0.59259	Different	135	143	8	0	13	67	38	24	31
NA06985	NA12873	0.57895	Different	133	143	9	1	13	64	40	20	36
NA06985	NA12874	0.66412	Different	131	143	12	0	22	65	31	18	26
NA06985	NA12889	0.69231	Not Valid	78	143	64	1	5	49	39	5	19
NA06985	NA12890	0.61594	Different	138	143	4	1	13	72	45	19	34
NA06986	NA06989	0.59398	Different	133	143	10	0	7	72	39	13	41
NA06986	NA06994	0.62687	Different	134	143	9	0	16	68	26	18	32
NA06986	NA07037	0.67626	Different	139	143	4	0	11	83	39	15	30
NA06986	NA07048	0.56489	Different	131	143	12	0	6	68	47	7	50
NA06986	NA07346	0.66667	Different	141	143	1	1	12	82	36	18	29
NA06986	NA10847	0.57447	Different	141	143	2	0	12	69	34	20	40
NA06986	NA10851	0.60432	Different	139	143	3	1	16	68	33	16	39
NA06986	NA11840	0.64286	Different	140	143	3	0	19	71	30	16	34
NA06986	NA11843	0.68085	Different	141	143	2	0	16	80	30	19	26
NA06986	NA11919	0.61029	Different	136	143	6	1	17	66	24	21	32
NA06986	NA11992	0.63121	Different	141	143	2	0	15	74	33	18	34
NA06986	NA11995	0.67143	Different	140	143	3	0	20	74	30	15	31
NA06986	NA12004	0.6063	Different	127	143	16	0	20	57	25	17	33
NA06986	NA12006	0.63704	Different	135	143	8	0	26	60	27	11	38
NA06986	NA12044	0.70213	Different	141	143	2	0	14	85	38	14	28
NA06986	NA12155	0.60993	Different	141	143	2	0	14	72	32	20	35
NA06986	NA12156	0.72951	Different	122	143	21	0	7	82	39	9	24
NA06986	NA12249	0.65693	Different	137	143	6	0	13	77	39	11	36
NA06986	NA12272	0.64748	Different	139	143	4	0	18	72	37	11	38
NA06986	NA12273	0.61594	Different	138	143	5	0	16	69	26	24	29
NA06986	NA12282	0.56716	Different	134	143	9	0	22	54	21	20	38
NA06986	NA12341	0.61538	Different	130	143	13	0	16	64	32	10	40
NA06986	NA12342	0.7	Different	140	143	3	0	15	83	34	17	25
NA06986	NA12348	0.55	Different	140	143	3	0	12	65	33	21	42
NA06986	NA12400	0.68085	Different	141	143	2	0	20	76	30	15	30
NA06986	NA12414	0.67391	Different	138	143	5	0	16	77	33	15	30
NA06986	NA12489	0.58065	Different	124	143	19	0	3	69	47	8	44
NA06986	NA12748	0.57971	Different	138	143	5	0	14	66	37	13	45
NA06986	NA12750	0.69504	Different	141	143	2	0	30	68	21	15	28
NA06986	NA12760	0.66429	Different	140	143	3	0	16	77	33	16	31
NA06986	NA12761	0.58696	Different	138	143	5	0	14	67	33	17	40
NA06986	NA12762	0.60284	Different	141	143	2	0	17	68	35	13	43
NA06986	NA12763	0.58647	Different	133	143	10	0	7	71	37	18	37
NA06986	NA12775	0.56738	Different	141	143	2	0	17	63	26	22	39
NA06986	NA12812	0.55396	Different	139	143	4	0	19	58	30	15	47
NA06986	NA12815	0.63433	Different	134	143	9	0	22	63	23	15	34
NA06986	NA12829	0.7	Different	130	143	13	0	11	80	33	13	26
NA06986	NA12830	0.57353	Different	136	143	7	0	14	64	30	18	40
NA06986	NA12842	0.5	Different	116	143	27	0	11	47	22	19	39
NA06986	NA12843	0.61702	Different	141	143	2	0	13	74	31	22	32
NA06986	NA12872	0.56618	Different	136	143	7	0	11	66	32	22	37
NA06986	NA12873	0.57143	Different	133	143	10	0	7	69	38	18	39
NA06986	NA12874	0.58333	Different	132	143	11	0	20	57	21	19	36
NA06986	NA12889	0.59494	Not Valid	79	143	63	1	4	43	33	6	26
NA06986	NA12890	0.5942	Different	138	143	5	0	8	74	40	16	40
NA06989	NA06994	0.55556	Different	126	143	17	0	10	60	20	21	35
NA06989	NA07037	0.60305	Different	131	143	12	0	12	67	25	15	37
NA06989	NA07048	0.5	Different	124	143	18	1	6	56	36	6	56
NA06989	NA07346	0.51515	Different	132	143	11	0	22	46	14	17	47
NA06989	NA10847	0.59398	Different	133	143	10	0	5	74	31	18	36
NA06989	NA10851	0.60305	Different	131	143	11	1	17	62	26	8	44
NA06989	NA11840	0.61364	Different	132	143	11	0	19	62	22	11	40
NA06989	NA11843	0.60902	Different	133	143	10	0	14	67	22	18	34
NA06989	NA11919	0.63566	Different	129	143	12	2	13	69	22	16	31
NA06989	NA11992	0.63158	Different	133	143	10	0	10	74	29	15	34
NA06989	NA11995	0.60606	Different	132	143	11	0	14	66	22	18	34
NA06989	NA12004	0.64463	Different	121	143	20	2	8	70	25	15	28
NA06989	NA12006	0.58268	Different	127	143	16	0	12	62	25	16	37
NA06989	NA12044	0.5188	Different	133	143	10	0	14	55	19	20	44
NA06989	NA12155	0.55639	Different	133	143	10	0	6	68	26	21	38
NA06989	NA12156	0.56034	Different	116	143	25	2	4	61	25	16	35
NA06989	NA12249	0.6	Different	130	143	12	1	11	67	30	11	41
NA06989	NA12272	0.58779	Different	131	143	12	0	9	68	30	14	40
NA06989	NA12273	0.54615	Different	130	143	13	0	16	55	16	21	38
NA06989	NA12282	0.6378	Different	127	143	15	1	10	71	28	16	30
NA06989	NA12341	0.54472	Different	123	143	19	1	15	52	22	10	46
NA06989	NA12342	0.68182	Different	132	143	11	0	12	78	28	13	29
NA06989	NA12348	0.48485	Different	132	143	11	0	14	50	21	19	49
NA06989	NA12400	0.6391	Different	133	143	10	0	17	68	22	14	34
NA06989	NA12414	0.62308	Different	130	143	13	0	16	65	24	13	36
NA06989	NA12489	0.5641	Different	117	143	25	1	4	62	40	4	47
NA06989	NA12748	0.56154	Different	130	143	13	0	10	63	31	12	45
NA06989	NA12750	0.73684	Different	133	143	10	0	14	84	24	15	20
NA06989	NA12760	0.62121	Different	132	143	11	0	11	71	26	17	33
NA06989	NA12761	0.58462	Different	130	143	13	0	8	68	28	16	38
NA06989	NA12762	0.54135	Different	133	143	10	0	12	60	28	13	48
NA06989	NA12763	0.608	Different	125	143	18	0	11	65	30	9	40
NA06989	NA12775	0.65672	Different	134	143	8	1	22	66	23	9	37
NA06989	NA12812	0.64122	Different	131	143	12	0	12	72	35	6	41
NA06989	NA12815	0.6378	Different	127	143	15	1	17	64	21	13	33
NA06989	NA12829	0.67213	Different	122	143	21	0	16	66	23	10	30
NA06989	NA12830	0.60938	Different	128	143	15	0	6	72	31	15	35
NA06989	NA12842	0.6	Different	110	143	31	2	9	57	24	11	33
NA06989	NA12843	0.54887	Different	133	143	10	0	13	60	21	20	40
NA06989	NA12872	0.57031	Different	128	143	15	0	11	62	25	15	40
NA06989	NA12873	0.584	Different	125	143	18	0	7	66	30	10	42
NA06989	NA12874	0.68548	Different	124	143	19	0	14	71	24	10	29
NA06989	NA12889	0.55405	Not Valid	74	143	65	4	1	40	25	4	29
NA06989	NA12890	0.56154	Different	130	143	13	0	6	67	30	15	42
NA06994	NA07037	0.70455	Different	132	143	11	0	16	77	42	17	22
NA06994	NA07048	0.51587	Different	126	143	15	2	7	58	48	17	44
NA06994	NA07346	0.6391	Different	133	143	10	0	16	69	35	24	24
NA06994	NA10847	0.64179	Different	134	143	9	0	16	70	42	19	29
NA06994	NA10851	0.61832	Different	131	143	12	0	12	69	40	22	28
NA06994	NA11840	0.63158	Different	133	143	10	0	18	66	36	22	27
NA06994	NA11843	0.58209	Different	134	143	9	0	14	64	30	32	24
NA06994	NA11919	0.64844	Different	128	143	15	0	12	71	34	25	20
NA06994	NA11992	0.62687	Different	134	143	9	0	13	71	38	26	24
NA06994	NA11995	0.57463	Different	134	143	8	1	17	60	30	30	27
NA06994	NA12004	0.6	Different	120	143	23	0	13	59	32	24	24
NA06994	NA12006	0.61719	Different	128	143	15	0	14	65	37	24	25
NA06994	NA12044	0.65926	Different	135	143	7	1	22	67	36	19	27
NA06994	NA12155	0.50746	Different	134	143	9	0	13	55	29	34	32
NA06994	NA12156	0.61538	Different	117	143	24	2	17	55	32	17	28
NA06994	NA12249	0.57692	Different	130	143	13	0	20	55	35	20	35
NA06994	NA12272	0.65909	Different	132	143	11	0	13	74	45	18	27
NA06994	NA12273	0.64122	Different	131	143	12	0	21	63	30	24	23
NA06994	NA12282	0.64062	Different	128	143	14	1	22	60	31	21	25
NA06994	NA12341	0.63415	Different	123	143	20	0	7	71	45	21	24
NA06994	NA12342	0.71429	Different	133	143	10	0	27	68	34	16	22
NA06994	NA12348	0.59398	Different	133	143	10	0	18	61	38	20	34
NA06994	NA12400	0.78358	Different	134	143	9	0	23	82	41	13	16
NA06994	NA12414	0.68939	Different	132	143	10	1	29	62	33	14	27
NA06994	NA12489	0.54701	Different	117	143	26	0	8	56	44	11	42
NA06994	NA12748	0.55303	Different	132	143	10	1	18	55	37	19	40
NA06994	NA12750	0.63433	Different	134	143	9	0	23	62	24	29	20
NA06994	NA12760	0.59398	Different	133	143	10	0	25	54	29	23	31
NA06994	NA12761	0.64122	Different	131	143	12	0	12	72	43	20	27
NA06994	NA12762	0.59701	Different	134	143	9	0	16	64	41	19	35
NA06994	NA12763	0.61905	Different	126	143	17	0	12	66	41	19	29
NA06994	NA12775	0.68657	Different	134	143	9	0	15	77	41	20	22
NA06994	NA12812	0.65152	Different	132	143	11	0	12	74	45	19	27
NA06994	NA12815	0.61538	Different	130	143	10	3	21	59	30	24	26
NA06994	NA12829	0.592	Different	125	143	16	2	16	58	31	24	27
NA06994	NA12830	0.62791	Different	129	143	14	0	14	67	39	21	27
NA06994	NA12842	0.53636	Different	110	143	32	1	8	51	31	25	26
NA06994	NA12843	0.60448	Different	134	143	9	0	21	60	31	24	29
NA06994	NA12872	0.5969	Different	129	143	14	0	20	57	34	20	32
NA06994	NA12873	0.63492	Different	126	143	17	0	20	60	39	15	31
NA06994	NA12874	0.624	Different	125	143	18	0	20	58	29	24	23
NA06994	NA12889	0.64865	Not Valid	74	143	66	3	2	46	35	7	19
NA06994	NA12890	0.61069	Different	131	143	12	0	8	72	44	22	29
NA07037	NA07048	0.57364	Different	129	143	14	0	8	66	49	9	46
NA07037	NA07346	0.57246	Different	138	143	5	0	17	62	29	23	36
NA07037	NA10847	0.57554	Different	139	143	4	0	15	65	35	20	39
NA07037	NA10851	0.60584	Different	137	143	5	1	20	63	33	16	38
NA07037	NA11840	0.63768	Different	138	143	5	0	12	76	35	22	28
NA07037	NA11843	0.70504	Different	139	143	4	0	23	75	30	17	24
NA07037	NA11919	0.64662	Different	133	143	10	0	16	70	30	22	25
NA07037	NA11992	0.61871	Different	139	143	4	0	21	65	30	19	34
NA07037	NA11995	0.65217	Different	138	143	5	0	18	72	32	20	28
NA07037	NA12004	0.55556	Different	126	143	16	1	16	54	23	23	33
NA07037	NA12006	0.66917	Different	133	143	10	0	15	74	35	16	28
NA07037	NA12044	0.61151	Different	139	143	4	0	20	65	31	20	34
NA07037	NA12155	0.63571	Different	140	143	2	1	9	80	39	23	28
NA07037	NA12156	0.56667	Different	120	143	23	0	9	59	31	19	33
NA07037	NA12249	0.61481	Different	135	143	8	0	16	67	36	15	37
NA07037	NA12272	0.59854	Different	137	143	6	0	10	72	39	20	35
NA07037	NA12273	0.75735	Different	136	143	7	0	19	84	36	13	20
NA07037	NA12282	0.67424	Different	132	143	11	0	20	69	32	16	27
NA07037	NA12341	0.63566	Different	129	143	13	1	8	74	41	17	30
NA07037	NA12342	0.68116	Different	138	143	5	0	26	68	29	15	29
NA07037	NA12348	0.64493	Different	138	143	5	0	22	67	36	11	38
NA07037	NA12400	0.67626	Different	139	143	4	0	16	78	34	20	25
NA07037	NA12414	0.625	Different	136	143	7	0	16	69	32	21	30
NA07037	NA12489	0.4878	Different	123	143	19	1	8	52	40	13	50
NA07037	NA12748	0.61765	Different	136	143	7	0	17	67	39	11	41
NA07037	NA12750	0.66187	Different	139	143	4	0	20	72	26	25	22
NA07037	NA12760	0.68116	Different	138	143	5	0	20	74	35	15	29
NA07037	NA12761	0.58824	Different	136	143	7	0	18	62	33	18	38
NA07037	NA12762	0.58273	Different	139	143	4	0	15	66	37	19	39
NA07037	NA12763	0.67176	Different	131	143	12	0	12	76	40	12	31
NA07037	NA12775	0.65468	Different	139	143	4	0	21	70	33	17	31
NA07037	NA12812	0.65693	Different	137	143	6	0	14	76	43	14	33
NA07037	NA12815	0.68182	Different	132	143	11	0	17	73	33	18	24
NA07037	NA12829	0.65116	Different	129	143	13	1	17	67	32	17	28
NA07037	NA12830	0.57463	Different	134	143	9	0	15	62	32	20	37
NA07037	NA12842	0.62931	Different	116	143	25	2	13	60	31	14	29
NA07037	NA12843	0.64748	Different	139	143	4	0	19	71	32	20	29
NA07037	NA12872	0.6194	Different	134	143	9	0	17	66	34	16	35
NA07037	NA12873	0.57252	Different	131	143	12	0	15	60	35	15	41
NA07037	NA12874	0.64615	Different	130	143	13	0	21	63	29	18	28
NA07037	NA12889	0.48101	Not Valid	79	143	61	3	6	32	24	6	35
NA07037	NA12890	0.47794	Different	136	143	7	0	13	52	32	23	48
NA07048	NA07346	0.56923	Different	130	143	13	0	11	63	13	10	46
NA07048	NA10847	0.52672	Different	131	143	12	0	4	65	19	12	50
NA07048	NA10851	0.46875	Uncertain	128	143	15	0	1	59	16	15	53
NA07048	NA11840	0.53077	Different	130	143	13	0	8	61	12	13	48
NA07048	NA11843	0.62595	Different	131	143	12	0	10	72	14	10	39
NA07048	NA11919	0.536	Different	125	143	18	0	4	63	12	17	41
NA07048	NA11992	0.52672	Different	131	143	12	0	6	63	12	17	45
NA07048	NA11995	0.60769	Different	130	143	13	0	8	71	15	12	39
NA07048	NA12004	0.5641	Different	117	143	26	0	7	59	11	12	39
NA07048	NA12006	0.664	Different	125	143	18	0	4	79	24	5	37
NA07048	NA12044	0.55303	Different	132	143	10	1	9	64	16	10	49
NA07048	NA12155	0.50382	Different	131	143	12	0	6	60	12	16	49
NA07048	NA12156	0.51754	Different	114	143	27	2	6	53	13	12	43
NA07048	NA12249	0.54264	Different	129	143	12	2	8	62	18	9	50
NA07048	NA12272	0.47287	Different	129	143	14	0	7	54	12	13	55
NA07048	NA12273	0.63281	Different	128	143	15	0	9	72	15	10	37
NA07048	NA12282	0.57143	Different	126	143	15	2	6	66	15	12	42
NA07048	NA12341	0.47934	Different	121	143	21	1	2	56	17	13	50
NA07048	NA12342	0.67692	Different	130	143	13	0	13	75	17	5	37
NA07048	NA12348	0.56154	Different	130	143	13	0	2	71	24	9	48
NA07048	NA12400	0.61832	Different	131	143	12	0	9	72	15	11	39
NA07048	NA12414	0.6875	Different	128	143	15	0	10	78	20	5	35
NA07048	NA12489	0.4569	Uncertain	116	143	25	2	2	51	24	4	59
NA07048	NA12748	0.5	Different	128	143	15	0	8	56	19	7	57
NA07048	NA12750	0.67176	Different	131	143	12	0	10	78	13	11	32
NA07048	NA12760	0.54198	Different	131	143	11	1	12	59	11	12	48
NA07048	NA12761	0.57812	Different	128	143	15	0	6	68	19	9	45
NA07048	NA12762	0.53435	Different	131	143	12	0	11	59	18	6	55
NA07048	NA12763	0.53659	Different	123	143	20	0	8	58	19	7	50
NA07048	NA12775	0.64122	Different	131	143	12	0	7	77	21	6	41
NA07048	NA12812	0.48062	Different	129	143	14	0	4	58	16	15	52
NA07048	NA12815	0.552	Different	125	143	17	1	6	63	13	15	41
NA07048	NA12829	0.63333	Different	120	143	23	0	9	67	16	8	36
NA07048	NA12830	0.55906	Different	127	143	15	1	4	67	19	10	46
NA07048	NA12842	0.52294	Different	109	143	31	3	2	55	16	11	41
NA07048	NA12843	0.51908	Different	131	143	12	0	9	59	11	14	49
NA07048	NA12872	0.5748	Different	127	143	15	1	14	59	16	5	49
NA07048	NA12873	0.47967	Different	123	143	20	0	6	53	16	10	54
NA07048	NA12874	0.5935	Different	123	143	19	1	7	66	15	12	38
NA07048	NA12889	0.47222	Not Valid	72	143	67	4	1	33	16	1	37
NA07048	NA12890	0.51562	Different	128	143	15	0	3	63	22	10	52
NA07346	NA10847	0.66429	Different	140	143	3	0	18	75	42	15	32
NA07346	NA10851	0.57246	Different	138	143	4	1	9	70	38	26	33
NA07346	NA11840	0.51799	Different	139	143	4	0	10	62	30	34	33
NA07346	NA11843	0.56429	Different	140	143	3	0	16	63	27	33	28
NA07346	NA11919	0.62963	Different	135	143	7	1	21	64	29	23	27
NA07346	NA11992	0.67143	Different	140	143	3	0	18	76	39	18	28
NA07346	NA11995	0.61871	Different	139	143	4	0	15	71	34	26	27
NA07346	NA12004	0.71429	Different	126	143	17	0	20	70	34	13	23
NA07346	NA12006	0.69403	Different	134	143	9	0	24	69	36	12	29
NA07346	NA12044	0.63571	Different	140	143	3	0	20	69	35	20	31
NA07346	NA12155	0.63571	Different	140	143	3	0	9	80	41	25	26
NA07346	NA12156	0.54545	Different	121	143	22	0	16	50	28	20	35
NA07346	NA12249	0.57353	Different	136	143	7	0	17	61	36	19	39
NA07346	NA12272	0.61594	Different	138	143	5	0	11	74	43	21	32
NA07346	NA12273	0.54015	Different	137	143	6	0	14	60	26	35	28
NA07346	NA12282	0.70677	Different	133	143	10	0	21	73	36	16	23
NA07346	NA12341	0.55814	Different	129	143	14	0	9	63	36	22	35
NA07346	NA12342	0.64029	Different	139	143	4	0	14	75	35	26	24
NA07346	NA12348	0.60432	Different	139	143	4	0	19	65	38	18	37
NA07346	NA12400	0.58571	Different	140	143	3	0	15	67	31	29	29
NA07346	NA12414	0.56934	Different	137	143	6	0	18	60	30	27	32
NA07346	NA12489	0.63415	Different	123	143	20	0	5	73	54	8	37
NA07346	NA12748	0.58394	Different	137	143	6	0	9	71	45	21	36
NA07346	NA12750	0.72857	Different	140	143	3	0	22	80	32	21	17
NA07346	NA12760	0.67626	Different	139	143	4	0	20	74	37	19	26
NA07346	NA12761	0.62044	Different	137	143	6	0	15	70	39	18	34
NA07346	NA12762	0.65	Different	140	143	3	0	16	75	44	15	34
NA07346	NA12763	0.62121	Different	132	143	11	0	12	70	40	17	33
NA07346	NA12775	0.54286	Different	140	143	3	0	13	63	31	31	33
NA07346	NA12812	0.7029	Different	138	143	5	0	19	78	46	10	31
NA07346	NA12815	0.73684	Different	133	143	10	0	15	83	39	18	17
NA07346	NA12829	0.62016	Different	129	143	14	0	16	64	32	22	27
NA07346	NA12830	0.62222	Different	135	143	8	0	13	71	39	20	31
NA07346	NA12842	0.6087	Different	115	143	28	0	15	55	31	16	29
NA07346	NA12843	0.67143	Different	140	143	3	0	24	70	34	18	28
NA07346	NA12872	0.65185	Different	135	143	8	0	17	71	39	17	30
NA07346	NA12873	0.62121	Different	132	143	11	0	9	73	43	17	33
NA07346	NA12874	0.71756	Different	131	143	12	0	25	69	33	13	24
NA07346	NA12889	0.63291	Not Valid	79	143	62	2	7	43	34	4	25
NA07346	NA12890	0.61314	Different	137	143	6	0	19	65	41	14	39
NA10847	NA10851	0.68841	Different	138	143	5	0	14	81	39	11	32
NA10847	NA11840	0.59286	Different	140	143	3	0	16	67	30	22	35
NA10847	NA11843	0.68085	Different	141	143	2	0	11	85	34	22	23
NA10847	NA11919	0.6	Different	135	143	8	0	16	65	25	24	30
NA10847	NA11992	0.58865	Different	141	143	2	0	15	68	30	22	36
NA10847	NA11995	0.59286	Different	140	143	3	0	23	60	24	21	36
NA10847	NA12004	0.5748	Different	127	143	16	0	13	60	25	22	32
NA10847	NA12006	0.54412	Different	136	143	6	1	13	61	27	23	39
NA10847	NA12044	0.61702	Different	141	143	2	0	16	71	31	20	34
NA10847	NA12155	0.58865	Different	141	143	2	0	11	72	32	24	34
NA10847	NA12156	0.54918	Different	122	143	21	0	14	53	27	18	37
NA10847	NA12249	0.62044	Different	137	143	6	0	14	71	38	15	37
NA10847	NA12272	0.60432	Different	139	143	4	0	14	70	36	17	38
NA10847	NA12273	0.6087	Different	138	143	5	0	13	71	28	27	27
NA10847	NA12282	0.60741	Different	135	143	7	1	17	65	28	21	32
NA10847	NA12341	0.60769	Different	130	143	13	0	16	63	34	12	39
NA10847	NA12342	0.60714	Different	140	143	3	0	30	55	20	16	39
NA10847	NA12348	0.65	Different	140	143	3	0	16	75	38	12	37
NA10847	NA12400	0.67376	Different	141	143	2	0	22	73	29	16	30
NA10847	NA12414	0.64493	Different	138	143	5	0	19	70	31	17	32
NA10847	NA12489	0.60484	Different	124	143	19	0	10	65	46	3	46
NA10847	NA12748	0.60145	Different	138	143	5	0	9	74	41	15	40
NA10847	NA12750	0.63121	Different	141	143	2	0	27	62	19	22	30
NA10847	NA12760	0.63571	Different	140	143	3	0	11	78	35	21	30
NA10847	NA12761	0.6259	Different	139	143	3	1	15	72	36	15	37
NA10847	NA12762	0.52482	Different	141	143	2	0	10	64	34	23	44
NA10847	NA12763	0.65414	Different	133	143	10	0	11	76	40	12	34
NA10847	NA12775	0.60993	Different	141	143	2	0	23	63	27	17	38
NA10847	NA12812	0.64748	Different	139	143	4	0	14	76	40	12	37
NA10847	NA12815	0.67164	Different	134	143	9	0	14	76	31	18	26
NA10847	NA12829	0.66154	Different	130	143	13	0	20	66	29	13	31
NA10847	NA12830	0.55147	Different	136	143	7	0	19	56	27	18	43
NA10847	NA12842	0.60345	Different	116	143	27	0	5	65	30	16	30
NA10847	NA12843	0.73759	Different	141	143	2	0	13	91	40	15	22
NA10847	NA12872	0.61029	Different	136	143	7	0	19	64	32	15	38
NA10847	NA12873	0.62406	Different	133	143	10	0	15	68	38	11	39
NA10847	NA12874	0.57576	Different	132	143	11	0	16	60	25	23	33
NA10847	NA12889	0.53846	Not Valid	78	143	65	0	3	39	29	6	30
NA10847	NA12890	0.5	Different	138	143	5	0	13	56	31	21	48
NA10851	NA11840	0.64234	Different	137	143	6	0	12	76	34	20	29
NA10851	NA11843	0.56522	Different	138	143	5	0	18	60	22	27	33
NA10851	NA11919	0.60902	Different	133	143	9	1	16	65	25	23	29
NA10851	NA11992	0.64493	Different	138	143	5	0	15	74	34	18	31
NA10851	NA11995	0.61314	Different	137	143	6	0	13	71	30	23	30
NA10851	NA12004	0.6371	Different	124	143	19	0	12	67	28	17	28
NA10851	NA12006	0.65909	Different	132	143	11	0	17	70	33	16	29
NA10851	NA12044	0.54348	Different	138	143	5	0	20	55	25	22	41
NA10851	NA12155	0.64748	Different	139	143	3	1	14	76	35	18	31
NA10851	NA12156	0.68908	Different	119	143	24	0	10	72	36	10	27
NA10851	NA12249	0.58209	Different	134	143	9	0	11	67	35	17	39
NA10851	NA12272	0.53676	Different	136	143	7	0	10	63	33	22	41
NA10851	NA12273	0.65185	Different	135	143	8	0	17	71	27	20	27
NA10851	NA12282	0.59542	Different	131	143	12	0	15	63	26	22	31
NA10851	NA12341	0.58594	Different	128	143	14	1	7	68	36	19	34
NA10851	NA12342	0.62319	Different	138	143	4	1	23	63	25	19	33
NA10851	NA12348	0.56204	Different	137	143	6	0	9	68	35	22	38
NA10851	NA12400	0.5942	Different	138	143	5	0	11	71	29	26	30
NA10851	NA12414	0.66667	Different	135	143	8	0	15	75	34	17	28
NA10851	NA12489	0.52893	Different	121	143	22	0	6	58	41	10	47
NA10851	NA12748	0.52593	Different	135	143	8	0	12	59	35	19	45
NA10851	NA12750	0.66667	Different	138	143	5	0	20	72	24	23	23
NA10851	NA12760	0.62774	Different	137	143	6	0	13	73	33	20	31
NA10851	NA12761	0.62222	Different	135	143	8	0	10	74	38	18	33
NA10851	NA12762	0.61594	Different	138	143	5	0	15	70	38	14	39
NA10851	NA12763	0.55385	Different	130	143	13	0	13	59	32	18	40
NA10851	NA12775	0.60432	Different	139	143	3	1	12	72	32	23	32
NA10851	NA12812	0.65441	Different	136	143	7	0	13	76	41	13	34
NA10851	NA12815	0.50382	Different	131	143	12	0	8	58	23	33	32
NA10851	NA12829	0.71654	Different	127	143	16	0	13	78	35	14	22
NA10851	NA12830	0.58647	Different	133	143	10	0	11	67	34	21	34
NA10851	NA12842	0.60526	Different	114	143	28	1	10	59	29	15	30
NA10851	NA12843	0.6087	Different	138	143	5	0	20	64	27	19	35
NA10851	NA12872	0.66917	Different	133	143	10	0	23	66	32	9	35
NA10851	NA12873	0.56489	Different	131	143	11	1	8	66	37	18	39
NA10851	NA12874	0.75969	Different	129	143	14	0	15	83	37	13	18
NA10851	NA12889	0.62821	Not Valid	78	143	62	3	2	47	33	4	25
NA10851	NA12890	0.60741	Different	135	143	8	0	11	71	40	14	39
NA11840	NA11843	0.65714	Different	140	143	3	0	20	72	32	24	24
NA11840	NA11919	0.51493	Different	134	143	9	0	15	54	23	33	32
NA11840	NA11992	0.53571	Different	140	143	3	0	11	64	33	32	33
NA11840	NA11995	0.64029	Different	139	143	4	0	18	71	33	24	26
NA11840	NA12004	0.61111	Different	126	143	17	0	14	63	30	23	26
NA11840	NA12006	0.58209	Different	134	143	9	0	15	63	33	25	31
NA11840	NA12044	0.62857	Different	140	143	3	0	23	65	33	19	33
NA11840	NA12155	0.57857	Different	140	143	3	0	13	68	35	27	32
NA11840	NA12156	0.59016	Different	122	143	20	1	13	59	34	20	30
NA11840	NA12249	0.65441	Different	136	143	7	0	19	70	41	14	33
NA11840	NA12272	0.58696	Different	138	143	5	0	13	68	39	21	36
NA11840	NA12273	0.62044	Different	137	143	6	0	22	63	27	24	28
NA11840	NA12282	0.66165	Different	133	143	10	0	17	71	34	20	25
NA11840	NA12341	0.49612	Different	129	143	14	0	14	50	32	25	40
NA11840	NA12342	0.6259	Different	139	143	4	0	21	66	30	25	27
NA11840	NA12348	0.66906	Different	139	143	4	0	16	77	44	16	30
NA11840	NA12400	0.63571	Different	140	143	3	0	15	74	34	26	25
NA11840	NA12414	0.57664	Different	137	143	6	0	17	62	30	27	31
NA11840	NA12489	0.60976	Different	123	143	20	0	9	66	51	8	40
NA11840	NA12748	0.65693	Different	137	143	6	0	11	79	48	15	32
NA11840	NA12750	0.63571	Different	140	143	3	0	19	70	27	30	21
NA11840	NA12760	0.61151	Different	139	143	4	0	16	69	34	24	30
NA11840	NA12761	0.62044	Different	137	143	6	0	13	72	41	20	32
NA11840	NA12762	0.62143	Different	140	143	3	0	15	72	43	18	35
NA11840	NA12763	0.6015	Different	133	143	9	1	19	61	37	16	37
NA11840	NA12775	0.52143	Different	140	143	3	0	22	51	26	27	40
NA11840	NA12812	0.63768	Different	138	143	5	0	15	73	44	16	34
NA11840	NA12815	0.65414	Different	133	143	10	0	15	72	34	23	23
NA11840	NA12829	0.58915	Different	129	143	14	0	14	62	32	26	27
NA11840	NA12830	0.63704	Different	135	143	8	0	14	72	39	19	30
NA11840	NA12842	0.58261	Different	115	143	28	0	13	54	30	18	30
NA11840	NA12843	0.72143	Different	140	143	3	0	25	76	37	14	25
NA11840	NA12872	0.60741	Different	135	143	8	0	19	63	36	19	34
NA11840	NA12873	0.66917	Different	133	143	9	1	16	73	45	13	31
NA11840	NA12874	0.59091	Different	132	143	10	1	20	58	28	24	30
NA11840	NA12889	0.64935	Not Valid	77	143	66	0	4	46	37	7	20
NA11840	NA12890	0.60584	Different	137	143	6	0	8	75	44	20	34
NA11843	NA11919	0.7037	Different	135	143	8	0	21	74	38	23	17
NA11843	NA11992	0.63121	Different	141	143	2	0	17	72	41	26	26
NA11843	NA11995	0.62143	Different	140	143	3	0	12	75	40	32	21
NA11843	NA12004	0.61417	Different	127	143	16	0	14	64	35	26	23
NA11843	NA12006	0.60294	Different	136	143	6	1	16	66	38	26	28
NA11843	NA12044	0.60284	Different	141	143	2	0	15	70	39	30	26
NA11843	NA12155	0.61702	Different	141	143	2	0	14	73	42	29	25
NA11843	NA12156	0.60656	Different	122	143	21	0	20	54	35	20	28
NA11843	NA12249	0.62774	Different	137	143	6	0	10	76	48	24	27
NA11843	NA12272	0.65468	Different	139	143	4	0	18	73	45	19	29
NA11843	NA12273	0.6087	Different	138	143	5	0	21	63	31	30	24
NA11843	NA12282	0.71642	Different	134	143	9	0	13	83	45	23	15
NA11843	NA12341	0.59231	Different	130	143	13	0	8	69	45	26	27
NA11843	NA12342	0.65	Different	140	143	3	0	25	66	34	25	24
NA11843	NA12348	0.65714	Different	140	143	3	0	20	72	45	19	29
NA11843	NA12400	0.67376	Different	141	143	2	0	26	69	36	23	23
NA11843	NA12414	0.5942	Different	138	143	5	0	24	58	32	26	30
NA11843	NA12489	0.62097	Different	124	143	19	0	9	68	54	10	37
NA11843	NA12748	0.56522	Different	138	143	5	0	10	68	47	25	35
NA11843	NA12750	0.69504	Different	141	143	2	0	26	72	32	26	17
NA11843	NA12760	0.52857	Different	140	143	3	0	22	52	30	31	35
NA11843	NA12761	0.66667	Different	138	143	5	0	12	80	48	22	24
NA11843	NA12762	0.61702	Different	141	143	2	0	16	71	47	22	32
NA11843	NA12763	0.60902	Different	133	143	10	0	12	69	44	23	29
NA11843	NA12775	0.67376	Different	141	143	2	0	21	74	41	22	24
NA11843	NA12812	0.63309	Different	139	143	4	0	17	71	47	20	31
NA11843	NA12815	0.58955	Different	134	143	9	0	15	64	34	31	24
NA11843	NA12829	0.65385	Different	130	143	13	0	18	67	37	22	23
NA11843	NA12830	0.66176	Different	136	143	7	0	16	74	44	21	25
NA11843	NA12842	0.65517	Different	116	143	27	0	15	61	39	18	22
NA11843	NA12843	0.65957	Different	141	143	2	0	28	65	35	21	27
NA11843	NA12872	0.69853	Different	136	143	7	0	17	78	47	19	22
NA11843	NA12873	0.60902	Different	133	143	10	0	14	67	45	21	31
NA11843	NA12874	0.76515	Different	132	143	11	0	16	85	46	19	12
NA11843	NA12889	0.64557	Not Valid	79	143	63	1	6	45	38	7	21
NA11843	NA12890	0.55072	Different	138	143	5	0	18	58	40	23	39
NA11919	NA11992	0.65185	Different	135	143	8	0	14	74	42	24	23
NA11919	NA11995	0.63433	Different	134	143	9	0	21	64	33	25	24
NA11919	NA12004	0.58537	Different	123	143	18	2	16	56	30	25	26
NA11919	NA12006	0.62016	Different	129	143	14	0	10	70	40	26	23
NA11919	NA12044	0.67407	Different	135	143	8	0	19	72	40	20	24
NA11919	NA12155	0.60741	Different	135	143	8	0	12	70	40	28	25
NA11919	NA12156	0.63559	Different	118	143	23	2	19	56	33	16	27
NA11919	NA12249	0.65649	Different	131	143	12	0	18	68	43	18	27
NA11919	NA12272	0.5188	Different	133	143	10	0	16	53	34	27	37
NA11919	NA12273	0.69697	Different	132	143	11	0	25	67	32	20	20
NA11919	NA12282	0.52344	Different	128	143	15	0	14	53	29	33	28
NA11919	NA12341	0.62097	Different	124	143	19	0	10	67	43	21	26
NA11919	NA12342	0.6791	Different	134	143	9	0	20	71	36	23	20
NA11919	NA12348	0.67164	Different	134	143	9	0	18	72	45	17	27
NA11919	NA12400	0.62963	Different	135	143	8	0	22	63	31	27	23
NA11919	NA12414	0.71212	Different	132	143	11	0	26	68	37	15	23
NA11919	NA12489	0.63025	Different	119	143	23	1	5	70	56	12	32
NA11919	NA12748	0.60606	Different	132	143	11	0	14	66	45	19	33
NA11919	NA12750	0.71852	Different	135	143	8	0	28	69	29	22	16
NA11919	NA12760	0.63433	Different	134	143	9	0	28	57	32	19	30
NA11919	NA12761	0.57143	Different	133	143	9	1	19	57	37	23	34
NA11919	NA12762	0.67407	Different	135	143	8	0	15	76	47	17	27
NA11919	NA12763	0.5969	Different	129	143	12	2	22	55	36	17	35
NA11919	NA12775	0.67407	Different	135	143	8	0	26	65	37	16	28
NA11919	NA12812	0.6391	Different	133	143	10	0	15	70	46	18	30
NA11919	NA12815	0.65625	Different	128	143	15	0	19	65	33	23	21
NA11919	NA12829	0.59677	Different	124	143	19	0	20	54	30	25	25
NA11919	NA12830	0.6	Different	130	143	13	0	11	67	40	25	27
NA11919	NA12842	0.56637	Different	113	143	27	3	11	53	33	22	27
NA11919	NA12843	0.62222	Different	135	143	8	0	18	66	36	26	25
NA11919	NA12872	0.63846	Different	130	143	13	0	20	63	38	19	28
NA11919	NA12873	0.71654	Different	127	143	16	0	19	72	47	10	26
NA11919	NA12874	0.65873	Different	126	143	17	0	20	63	32	21	22
NA11919	NA12889	0.61039	Not Valid	77	143	61	5	2	45	34	7	23
NA11919	NA12890	0.61364	Different	132	143	11	0	11	70	46	21	30
NA11992	NA11995	0.59286	Different	140	143	3	0	19	64	29	26	31
NA11992	NA12004	0.5748	Different	127	143	16	0	10	63	29	26	28
NA11992	NA12006	0.60294	Different	136	143	6	1	16	66	34	22	32
NA11992	NA12044	0.61702	Different	141	143	2	0	15	72	36	24	30
NA11992	NA12155	0.51064	Different	141	143	2	0	10	62	31	34	35
NA11992	NA12156	0.59836	Different	122	143	21	0	10	63	34	19	30
NA11992	NA12249	0.59854	Different	137	143	6	0	20	62	36	17	38
NA11992	NA12272	0.58993	Different	139	143	4	0	15	67	37	20	37
NA11992	NA12273	0.66667	Different	138	143	5	0	12	80	35	26	20
NA11992	NA12282	0.63433	Different	134	143	9	0	13	72	35	24	25
NA11992	NA12341	0.60769	Different	130	143	13	0	11	68	40	19	32
NA11992	NA12342	0.54286	Different	140	143	3	0	24	52	22	27	37
NA11992	NA12348	0.66667	Different	141	143	1	1	19	75	42	14	33
NA11992	NA12400	0.61702	Different	141	143	2	0	23	64	29	23	31
NA11992	NA12414	0.61594	Different	138	143	5	0	17	68	33	23	30
NA11992	NA12489	0.57258	Different	124	143	19	0	10	61	46	8	45
NA11992	NA12748	0.66667	Different	138	143	5	0	11	81	49	14	32
NA11992	NA12750	0.56738	Different	141	143	2	0	20	60	21	33	28
NA11992	NA12760	0.69286	Different	140	143	3	0	22	75	36	15	28
NA11992	NA12761	0.60145	Different	138	143	5	0	17	66	37	20	35
NA11992	NA12762	0.61702	Different	141	143	2	0	22	65	39	14	40
NA11992	NA12763	0.58647	Different	133	143	10	0	16	62	37	19	36
NA11992	NA12775	0.60993	Different	141	143	2	0	19	67	33	23	32
NA11992	NA12812	0.53957	Different	139	143	4	0	18	57	35	21	43
NA11992	NA12815	0.69403	Different	134	143	9	0	16	77	36	20	21
NA11992	NA12829	0.52308	Different	130	143	13	0	13	55	26	28	34
NA11992	NA12830	0.53676	Different	136	143	7	0	10	63	33	27	36
NA11992	NA12842	0.65517	Different	116	143	27	0	8	68	37	17	23
NA11992	NA12843	0.67376	Different	141	143	2	0	12	83	39	23	23
NA11992	NA12872	0.61765	Different	136	143	7	0	19	65	35	18	34
NA11992	NA12873	0.58647	Different	133	143	10	0	16	62	37	16	39
NA11992	NA12874	0.65909	Different	132	143	11	0	14	73	35	23	22
NA11992	NA12889	0.62821	Not Valid	78	143	65	0	4	45	35	5	24
NA11992	NA12890	0.57971	Different	138	143	5	0	13	67	41	19	39
NA11995	NA12004	0.53175	Different	126	143	17	0	23	44	22	24	35
NA11995	NA12006	0.65672	Different	134	143	9	0	18	70	40	20	26
NA11995	NA12044	0.67857	Different	140	143	3	0	20	75	40	20	25
NA11995	NA12155	0.67143	Different	140	143	3	0	15	79	42	23	23
NA11995	NA12156	0.57025	Different	121	143	22	0	13	56	36	26	26
NA11995	NA12249	0.61029	Different	136	143	7	0	17	66	40	19	34
NA11995	NA12272	0.63768	Different	138	143	5	0	14	74	45	21	29
NA11995	NA12273	0.68613	Different	137	143	6	0	29	65	31	19	24
NA11995	NA12282	0.63158	Different	133	143	10	0	21	63	34	23	26
NA11995	NA12341	0.56589	Different	129	143	14	0	9	64	40	24	32
NA11995	NA12342	0.57554	Different	139	143	4	0	24	56	27	28	31
NA11995	NA12348	0.68345	Different	139	143	4	0	17	78	47	16	28
NA11995	NA12400	0.57143	Different	140	143	3	0	23	57	28	28	32
NA11995	NA12414	0.67883	Different	137	143	6	0	20	73	39	21	23
NA11995	NA12489	0.60163	Different	123	143	20	0	9	65	51	8	41
NA11995	NA12748	0.57664	Different	137	143	6	0	23	56	38	16	42
NA11995	NA12750	0.61429	Different	140	143	3	0	25	61	24	30	24
NA11995	NA12760	0.67626	Different	139	143	4	0	22	72	38	19	26
NA11995	NA12761	0.55474	Different	137	143	6	0	14	62	37	26	35
NA11995	NA12762	0.62143	Different	140	143	3	0	18	69	43	18	35
NA11995	NA12763	0.66667	Different	132	143	11	0	25	63	41	11	33
NA11995	NA12775	0.62857	Different	140	143	3	0	24	64	34	21	31
NA11995	NA12812	0.61594	Different	138	143	5	0	11	74	46	21	32
NA11995	NA12815	0.52632	Different	133	143	10	0	18	52	27	32	31
NA11995	NA12829	0.65116	Different	129	143	14	0	15	69	36	21	24
NA11995	NA12830	0.59259	Different	135	143	8	0	15	65	38	24	31
NA11995	NA12842	0.64655	Different	116	143	26	1	16	59	36	16	25
NA11995	NA12843	0.61429	Different	140	143	3	0	20	66	34	26	28
NA11995	NA12872	0.60294	Different	136	143	6	1	19	63	37	22	32
NA11995	NA12873	0.59091	Different	132	143	11	0	11	67	42	21	33
NA11995	NA12874	0.64122	Different	131	143	12	0	20	64	33	22	25
NA11995	NA12889	0.60759	Not Valid	79	143	62	2	8	40	32	4	27
NA11995	NA12890	0.64234	Different	137	143	6	0	15	73	46	16	33
NA12004	NA12006	0.61983	Different	121	143	22	0	12	63	34	21	25
NA12004	NA12044	0.66929	Different	127	143	16	0	10	75	39	21	21
NA12004	NA12155	0.67717	Different	127	143	16	0	12	74	37	21	20
NA12004	NA12156	0.6789	Different	109	143	33	1	13	61	36	13	22
NA12004	NA12249	0.60976	Different	123	143	20	0	10	65	39	17	31
NA12004	NA12272	0.54331	Different	127	143	14	2	13	56	33	23	35
NA12004	NA12273	0.624	Different	125	143	17	1	20	58	25	23	24
NA12004	NA12282	0.60331	Different	121	143	21	1	12	61	29	26	22
NA12004	NA12341	0.53846	Different	117	143	25	1	7	56	35	22	32
NA12004	NA12342	0.69841	Different	126	143	17	0	19	69	32	17	21
NA12004	NA12348	0.69841	Different	126	143	17	0	13	75	42	14	24
NA12004	NA12400	0.6378	Different	127	143	16	0	12	69	33	24	22
NA12004	NA12414	0.6129	Different	124	143	19	0	20	56	26	21	27
NA12004	NA12489	0.56637	Different	113	143	27	3	4	60	45	11	38
NA12004	NA12748	0.55645	Different	124	143	19	0	12	57	36	18	37
NA12004	NA12750	0.66929	Different	127	143	16	0	15	70	28	27	15
NA12004	NA12760	0.60317	Different	126	143	17	0	19	57	29	21	29
NA12004	NA12761	0.54032	Different	124	143	19	0	13	54	31	24	33
NA12004	NA12762	0.64567	Different	127	143	16	0	14	68	40	15	30
NA12004	NA12763	0.58824	Different	119	143	24	0	15	55	33	17	32
NA12004	NA12775	0.6378	Different	127	143	16	0	18	63	32	20	26
NA12004	NA12812	0.592	Different	125	143	18	0	6	68	39	23	28
NA12004	NA12815	0.50413	Different	121	143	21	1	12	49	24	30	30
NA12004	NA12829	0.60684	Different	117	143	25	1	11	60	29	23	23
NA12004	NA12830	0.60976	Different	123	143	19	1	13	62	33	19	29
NA12004	NA12842	0.48571	Different	105	143	35	3	6	45	25	25	29
NA12004	NA12843	0.66929	Different	127	143	16	0	20	65	32	18	24
NA12004	NA12872	0.64754	Different	122	143	21	0	14	65	37	16	27
NA12004	NA12873	0.64463	Different	121	143	20	2	16	62	40	12	31
NA12004	NA12874	0.54237	Different	118	143	25	0	11	53	23	30	24
NA12004	NA12889	0.53425	Not Valid	73	143	61	9	2	37	30	9	25
NA12004	NA12890	0.576	Different	125	143	17	1	10	62	39	18	35
NA12006	NA12044	0.65185	Different	135	143	8	0	17	71	33	20	27
NA12006	NA12155	0.66667	Different	135	143	8	0	20	70	34	16	29
NA12006	NA12156	0.71552	Different	116	143	27	0	11	72	38	12	21
NA12006	NA12249	0.69466	Different	131	143	12	0	8	83	46	15	25
NA12006	NA12272	0.57895	Different	133	143	10	0	10	67	37	22	34
NA12006	NA12273	0.67424	Different	132	143	11	0	20	69	28	20	23
NA12006	NA12282	0.5814	Different	129	143	13	1	18	57	26	22	32
NA12006	NA12341	0.54839	Different	124	143	19	0	10	58	32	19	37
NA12006	NA12342	0.59701	Different	134	143	9	0	25	55	24	21	33
NA12006	NA12348	0.57037	Different	135	143	7	1	17	60	33	19	39
NA12006	NA12400	0.60741	Different	135	143	8	0	17	65	28	25	28
NA12006	NA12414	0.69925	Different	133	143	9	1	22	71	34	13	27
NA12006	NA12489	0.57983	Different	119	143	23	1	13	56	42	5	45
NA12006	NA12748	0.67424	Different	132	143	11	0	7	82	48	14	29
NA12006	NA12750	0.58519	Different	135	143	8	0	17	62	22	31	25
NA12006	NA12760	0.69403	Different	134	143	9	0	18	75	36	15	26
NA12006	NA12761	0.6015	Different	133	143	9	1	11	69	37	21	32
NA12006	NA12762	0.6	Different	135	143	8	0	17	64	37	15	39
NA12006	NA12763	0.60938	Different	128	143	14	1	16	62	34	14	36
NA12006	NA12775	0.7037	Different	135	143	8	0	30	65	31	9	31
NA12006	NA12812	0.56391	Different	133	143	10	0	11	64	36	21	37
NA12006	NA12815	0.63846	Different	130	143	11	2	14	69	30	23	24
NA12006	NA12829	0.6371	Different	124	143	19	0	15	64	31	17	28
NA12006	NA12830	0.56154	Different	130	143	13	0	15	58	32	22	35
NA12006	NA12842	0.57273	Different	110	143	33	0	9	54	31	19	28
NA12006	NA12843	0.71852	Different	135	143	8	0	17	80	36	17	21
NA12006	NA12872	0.61538	Different	130	143	13	0	20	60	31	15	35
NA12006	NA12873	0.70312	Different	128	143	14	1	15	75	44	8	30
NA12006	NA12874	0.51969	Different	127	143	15	1	12	54	24	28	33
NA12006	NA12889	0.57333	Not Valid	75	143	65	3	1	42	31	6	26
NA12006	NA12890	0.5303	Different	132	143	11	0	10	60	36	22	40
NA12044	NA12155	0.65248	Different	141	143	2	0	16	76	38	21	28
NA12044	NA12156	0.65574	Different	122	143	21	0	23	57	31	9	33
NA12044	NA12249	0.53285	Different	137	143	6	0	8	65	38	27	37
NA12044	NA12272	0.64029	Different	139	143	4	0	15	74	41	17	33
NA12044	NA12273	0.65217	Different	138	143	5	0	15	75	33	25	23
NA12044	NA12282	0.6194	Different	134	143	9	0	16	67	32	24	27
NA12044	NA12341	0.63077	Different	130	143	13	0	11	71	42	17	31
NA12044	NA12342	0.63571	Different	140	143	3	0	19	70	31	24	27
NA12044	NA12348	0.58571	Different	140	143	3	0	24	58	34	17	41
NA12044	NA12400	0.58865	Different	141	143	2	0	23	60	27	26	32
NA12044	NA12414	0.6087	Different	138	143	5	0	16	68	34	25	29
NA12044	NA12489	0.59677	Different	124	143	19	0	7	67	49	8	42
NA12044	NA12748	0.62319	Different	138	143	5	0	12	74	46	17	35
NA12044	NA12750	0.7305	Different	141	143	2	0	19	84	33	23	15
NA12044	NA12760	0.68571	Different	140	143	3	0	28	68	33	13	31
NA12044	NA12761	0.67391	Different	138	143	5	0	17	76	43	15	30
NA12044	NA12762	0.58156	Different	141	143	2	0	22	60	37	17	42
NA12044	NA12763	0.60902	Different	133	143	10	0	17	64	37	16	36
NA12044	NA12775	0.60993	Different	141	143	2	0	10	76	38	27	28
NA12044	NA12812	0.63309	Different	139	143	4	0	21	67	39	13	38
NA12044	NA12815	0.63704	Different	135	143	7	1	18	68	33	24	25
NA12044	NA12829	0.65385	Different	130	143	13	0	23	62	31	16	29
NA12044	NA12830	0.66912	Different	136	143	7	0	16	75	41	16	29
NA12044	NA12842	0.56897	Different	116	143	27	0	11	55	31	20	30
NA12044	NA12843	0.63121	Different	141	143	2	0	26	63	30	19	33
NA12044	NA12872	0.64706	Different	136	143	7	0	21	67	37	16	32
NA12044	NA12873	0.65414	Different	133	143	10	0	18	69	41	11	35
NA12044	NA12874	0.63636	Different	132	143	11	0	17	67	32	23	25
NA12044	NA12889	0.62821	Not Valid	78	143	65	0	3	46	33	4	25
NA12044	NA12890	0.57246	Different	138	143	5	0	15	64	39	19	40
NA12155	NA12156	0.54918	Different	122	143	21	0	14	53	28	19	36
NA12155	NA12249	0.65693	Different	137	143	6	0	15	75	43	15	32
NA12155	NA12272	0.60432	Different	139	143	4	0	19	65	38	18	37
NA12155	NA12273	0.61594	Different	138	143	5	0	20	65	28	25	28
NA12155	NA12282	0.70149	Different	134	143	9	0	19	75	36	16	24
NA12155	NA12341	0.68462	Different	130	143	13	0	7	82	47	16	25
NA12155	NA12342	0.62857	Different	140	143	3	0	26	62	27	21	31
NA12155	NA12348	0.67143	Different	140	143	3	0	15	79	44	15	31
NA12155	NA12400	0.71631	Different	141	143	2	0	19	82	37	18	22
NA12155	NA12414	0.69565	Different	138	143	5	0	16	80	39	18	24
NA12155	NA12489	0.54839	Different	124	143	19	0	9	59	46	11	45
NA12155	NA12748	0.61594	Different	138	143	5	0	14	71	43	15	38
NA12155	NA12750	0.62411	Different	141	143	2	0	24	64	23	27	26
NA12155	NA12760	0.65	Different	140	143	3	0	19	72	35	19	30
NA12155	NA12761	0.6087	Different	138	143	5	0	14	70	39	20	34
NA12155	NA12762	0.64539	Different	141	143	2	0	15	76	44	16	34
NA12155	NA12763	0.57143	Different	133	143	10	0	13	63	36	20	37
NA12155	NA12775	0.68085	Different	141	143	2	0	26	70	34	14	31
NA12155	NA12812	0.58273	Different	139	143	4	0	17	64	38	19	39
NA12155	NA12815	0.59701	Different	134	143	9	0	16	64	29	26	28
NA12155	NA12829	0.57692	Different	130	143	13	0	13	62	31	26	29
NA12155	NA12830	0.60294	Different	136	143	7	0	11	71	38	23	31
NA12155	NA12842	0.62393	Different	117	143	25	1	11	62	34	17	27
NA12155	NA12843	0.66667	Different	141	143	2	0	25	69	32	17	30
NA12155	NA12872	0.61765	Different	136	143	7	0	19	65	34	17	35
NA12155	NA12873	0.49624	Different	133	143	10	0	16	50	32	23	44
NA12155	NA12874	0.63636	Different	132	143	11	0	18	66	30	20	28
NA12155	NA12889	0.51899	Not Valid	79	143	63	1	4	37	26	5	33
NA12155	NA12890	0.63043	Different	138	143	5	0	9	78	46	17	34
NA12156	NA12249	0.60504	Different	119	143	23	1	21	51	27	10	37
NA12156	NA12272	0.59167	Different	120	143	23	0	10	61	32	16	33
NA12156	NA12273	0.65	Different	120	143	22	1	13	65	24	20	22
NA12156	NA12282	0.64655	Different	116	143	26	1	13	62	27	16	25
NA12156	NA12341	0.66071	Different	112	143	30	1	9	65	34	10	28
NA12156	NA12342	0.63115	Different	122	143	20	1	24	53	20	14	31
NA12156	NA12348	0.66942	Different	121	143	22	0	11	70	36	11	29
NA12156	NA12400	0.59016	Different	122	143	21	0	16	56	21	22	28
NA12156	NA12414	0.525	Different	120	143	22	1	16	47	21	22	35
NA12156	NA12489	0.51402	Different	107	143	34	2	6	49	37	10	42
NA12156	NA12748	0.60833	Different	120	143	22	1	8	65	37	13	34
NA12156	NA12750	0.58197	Different	122	143	21	0	15	56	17	26	25
NA12156	NA12760	0.60331	Different	121	143	22	0	19	54	23	17	31
NA12156	NA12761	0.57143	Different	119	143	24	0	13	55	29	15	36
NA12156	NA12762	0.63115	Different	122	143	21	0	17	60	31	11	34
NA12156	NA12763	0.67241	Different	116	143	25	2	10	68	35	11	27
NA12156	NA12775	0.65574	Different	122	143	21	0	19	61	28	11	31
NA12156	NA12812	0.59016	Different	122	143	19	2	9	63	35	15	35
NA12156	NA12815	0.66957	Different	115	143	28	0	13	64	27	17	21
NA12156	NA12829	0.56757	Different	111	143	32	0	15	48	20	19	29
NA12156	NA12830	0.5339	Different	118	143	24	1	11	52	25	20	35
NA12156	NA12842	0.65306	Not Valid	98	143	44	1	12	52	25	9	25
NA12156	NA12843	0.60976	Different	123	143	19	1	14	61	25	20	28
NA12156	NA12872	0.58475	Different	118	143	24	1	14	55	27	16	33
NA12156	NA12873	0.47826	Different	115	143	27	1	13	42	24	18	42
NA12156	NA12874	0.66957	Different	115	143	26	2	16	61	25	15	23
NA12156	NA12889	0.47059	Not Valid	68	143	66	9	4	28	22	8	28
NA12156	NA12890	0.57143	Different	119	143	24	0	12	56	31	14	37
NA12249	NA12272	0.51111	Different	135	143	8	0	10	59	28	24	42
NA12249	NA12273	0.68148	Different	135	143	7	1	15	77	29	18	25
NA12249	NA12282	0.68182	Different	132	143	9	2	16	74	29	13	29
NA12249	NA12341	0.5873	Different	126	143	17	0	11	63	33	16	36
NA12249	NA12342	0.625	Different	136	143	7	0	18	67	25	19	32
NA12249	NA12348	0.60294	Different	136	143	7	0	13	69	35	15	39
NA12249	NA12400	0.61594	Different	138	143	4	1	14	71	27	22	31
NA12249	NA12414	0.53731	Different	134	143	9	0	15	57	23	24	38
NA12249	NA12489	0.56098	Different	123	143	17	3	8	61	42	6	48
NA12249	NA12748	0.5597	Different	134	143	9	0	5	70	39	17	42
NA12249	NA12750	0.56204	Different	137	143	6	0	16	61	17	30	30
NA12249	NA12760	0.55147	Different	136	143	7	0	14	61	25	24	37
NA12249	NA12761	0.59259	Different	135	143	7	1	12	68	33	17	38
NA12249	NA12762	0.59854	Different	137	143	6	0	18	64	33	12	43
NA12249	NA12763	0.5969	Different	129	143	14	0	13	64	33	15	37
NA12249	NA12775	0.66423	Different	137	143	6	0	10	81	35	17	29
NA12249	NA12812	0.64444	Different	135	143	8	0	10	77	39	12	36
NA12249	NA12815	0.63846	Different	130	143	13	0	10	73	30	20	27
NA12249	NA12829	0.59524	Different	126	143	17	0	21	54	19	15	36
NA12249	NA12830	0.59848	Different	132	143	11	0	10	69	32	16	37
NA12249	NA12842	0.50893	Different	112	143	31	0	13	44	21	17	38
NA12249	NA12843	0.59854	Different	137	143	6	0	13	69	28	21	34
NA12249	NA12872	0.66917	Different	133	143	9	1	19	70	32	8	36
NA12249	NA12873	0.5814	Different	129	143	14	0	10	65	35	13	41
NA12249	NA12874	0.57031	Different	128	143	15	0	15	58	23	22	33
NA12249	NA12889	0.41892	Not Valid	74	143	69	0	4	27	21	8	35
NA12249	NA12890	0.64179	Different	134	143	9	0	8	78	41	12	36
NA12272	NA12273	0.61314	Different	137	143	5	1	19	65	24	21	32
NA12272	NA12282	0.6015	Different	133	143	9	1	10	70	29	24	29
NA12272	NA12341	0.51562	Different	128	143	15	0	7	59	31	21	41
NA12272	NA12342	0.65217	Different	138	143	5	0	18	72	27	19	29
NA12272	NA12348	0.7029	Different	138	143	5	0	11	86	42	11	30
NA12272	NA12400	0.52518	Different	139	143	4	0	19	54	20	26	40
NA12272	NA12414	0.61029	Different	136	143	7	0	17	66	27	18	35
NA12272	NA12489	0.53659	Different	123	143	19	1	8	58	42	8	49
NA12272	NA12748	0.61765	Different	136	143	7	0	9	75	42	13	39
NA12272	NA12750	0.64029	Different	139	143	4	0	17	72	22	26	24
NA12272	NA12760	0.61594	Different	138	143	5	0	19	66	29	17	36
NA12272	NA12761	0.50735	Different	136	143	7	0	12	57	28	25	42
NA12272	NA12762	0.68345	Different	139	143	4	0	15	80	41	9	35
NA12272	NA12763	0.58779	Different	131	143	12	0	18	59	32	13	41
NA12272	NA12775	0.61871	Different	139	143	4	0	14	72	30	20	33
NA12272	NA12812	0.51825	Different	137	143	6	0	11	60	32	21	45
NA12272	NA12815	0.51515	Different	132	143	11	0	4	64	25	32	32
NA12272	NA12829	0.54688	Different	128	143	15	0	18	52	19	19	39
NA12272	NA12830	0.57463	Different	134	143	9	0	10	67	31	21	36
NA12272	NA12842	0.59649	Different	114	143	29	0	11	57	28	15	31
NA12272	NA12843	0.54676	Different	139	143	4	0	11	65	26	27	36
NA12272	NA12872	0.59701	Different	134	143	9	0	11	69	32	18	36
NA12272	NA12873	0.59542	Different	131	143	12	0	18	60	32	10	43
NA12272	NA12874	0.57692	Different	130	143	13	0	14	61	23	23	32
NA12272	NA12889	0.45455	Not Valid	77	143	65	1	3	32	22	7	35
NA12272	NA12890	0.61765	Different	136	143	7	0	7	77	43	15	37
NA12273	NA12282	0.62406	Different	133	143	8	2	21	62	34	25	25
NA12273	NA12341	0.5748	Different	127	143	16	0	19	54	36	19	35
NA12273	NA12342	0.75182	Different	137	143	6	0	25	78	40	18	16
NA12273	NA12348	0.72993	Different	137	143	6	0	18	82	50	14	23
NA12273	NA12400	0.61594	Different	138	143	5	0	24	61	32	26	27
NA12273	NA12414	0.64444	Different	135	143	8	0	20	67	37	25	23
NA12273	NA12489	0.60976	Different	123	143	18	2	10	65	54	11	37
NA12273	NA12748	0.54074	Different	135	143	8	0	11	62	44	26	36
NA12273	NA12750	0.75362	Different	138	143	5	0	24	80	35	23	11
NA12273	NA12760	0.72993	Different	137	143	6	0	20	80	44	17	20
NA12273	NA12761	0.65185	Different	135	143	8	0	21	67	42	17	30
NA12273	NA12762	0.72464	Different	138	143	5	0	9	91	55	18	20
NA12273	NA12763	0.60305	Different	131	143	11	1	8	71	46	26	26
NA12273	NA12775	0.57246	Different	138	143	5	0	22	57	33	27	32
NA12273	NA12812	0.61765	Different	136	143	7	0	23	61	42	17	35
NA12273	NA12815	0.63359	Different	131	143	12	0	30	53	28	19	29
NA12273	NA12829	0.62205	Different	127	143	16	0	21	58	32	23	25
NA12273	NA12830	0.64662	Different	133	143	10	0	21	65	40	18	29
NA12273	NA12842	0.60177	Different	113	143	30	0	11	57	34	20	25
NA12273	NA12843	0.67391	Different	138	143	5	0	22	71	39	22	23
NA12273	NA12872	0.67164	Different	134	143	8	1	23	67	40	16	28
NA12273	NA12873	0.62308	Different	130	143	13	0	16	65	45	19	30
NA12273	NA12874	0.66923	Different	130	143	12	1	20	67	34	22	21
NA12273	NA12889	0.65385	Not Valid	78	143	62	3	2	49	40	9	18
NA12273	NA12890	0.61481	Different	135	143	8	0	14	69	46	19	33
NA12282	NA12341	0.60484	Different	124	143	18	1	9	66	41	20	29
NA12282	NA12342	0.59398	Different	133	143	10	0	14	65	31	29	25
NA12282	NA12348	0.6391	Different	133	143	10	0	19	66	39	15	33
NA12282	NA12400	0.70149	Different	134	143	9	0	19	75	36	20	20
NA12282	NA12414	0.64394	Different	132	143	10	1	23	62	32	19	28
NA12282	NA12489	0.55462	Different	119	143	22	2	7	59	48	14	39
NA12282	NA12748	0.59542	Different	131	143	12	0	17	61	39	16	37
NA12282	NA12750	0.6194	Different	134	143	9	0	26	57	21	27	24
NA12282	NA12760	0.66165	Different	133	143	10	0	17	71	37	21	24
NA12282	NA12761	0.61364	Different	132	143	10	1	15	66	39	19	32
NA12282	NA12762	0.56716	Different	134	143	9	0	10	66	40	24	34
NA12282	NA12763	0.64286	Different	126	143	17	0	15	66	39	15	30
NA12282	NA12775	0.66418	Different	134	143	9	0	21	68	36	18	27
NA12282	NA12812	0.50758	Different	132	143	11	0	12	55	35	27	38
NA12282	NA12815	0.62205	Different	127	143	16	0	15	64	31	24	24
NA12282	NA12829	0.63415	Different	123	143	20	0	13	65	34	23	22
NA12282	NA12830	0.60465	Different	129	143	14	0	7	71	40	25	26
NA12282	NA12842	0.59633	Different	109	143	34	0	13	52	30	18	26
NA12282	NA12843	0.65672	Different	134	143	9	0	16	72	36	23	23
NA12282	NA12872	0.58462	Different	130	143	12	1	16	60	35	21	33
NA12282	NA12873	0.65873	Different	126	143	17	0	13	70	44	14	29
NA12282	NA12874	0.54762	Different	126	143	16	1	18	51	25	27	30
NA12282	NA12889	0.63889	Not Valid	72	143	70	1	3	43	33	5	21
NA12282	NA12890	0.69466	Different	131	143	12	0	12	79	48	13	27
NA12341	NA12342	0.65385	Different	130	143	12	1	18	67	23	16	29
NA12341	NA12348	0.6124	Different	129	143	14	0	16	63	31	10	40
NA12341	NA12400	0.52308	Different	130	143	13	0	15	53	18	25	37
NA12341	NA12414	0.61719	Different	128	143	14	1	17	62	25	15	34
NA12341	NA12489	0.56522	Different	115	143	26	2	3	62	42	8	42
NA12341	NA12748	0.55118	Different	127	143	16	0	7	63	34	16	41
NA12341	NA12750	0.63846	Different	130	143	13	0	13	70	20	25	22
NA12341	NA12760	0.64341	Different	129	143	14	0	14	69	28	15	31
NA12341	NA12761	0.56693	Different	127	143	16	0	9	63	29	18	37
NA12341	NA12762	0.63077	Different	130	143	13	0	9	73	36	13	35
NA12341	NA12763	0.60656	Different	122	143	21	0	12	62	30	13	35
NA12341	NA12775	0.55385	Different	130	143	13	0	17	55	22	19	39
NA12341	NA12812	0.50388	Different	129	143	13	1	8	57	28	20	44
NA12341	NA12815	0.52033	Different	123	143	20	0	6	58	19	28	31
NA12341	NA12829	0.63333	Different	120	143	22	1	11	65	27	17	27
NA12341	NA12830	0.58268	Different	127	143	14	2	7	67	32	18	35
NA12341	NA12842	0.53333	Different	105	143	38	0	9	47	20	15	34
NA12341	NA12843	0.62308	Different	130	143	13	0	12	69	28	18	31
NA12341	NA12872	0.52	Different	125	143	18	0	14	51	24	18	42
NA12341	NA12873	0.62903	Different	124	143	17	2	9	69	36	10	36
NA12341	NA12874	0.56557	Different	122	143	20	1	14	55	20	21	32
NA12341	NA12889	0.56757	Not Valid	74	143	62	7	5	37	26	4	28
NA12341	NA12890	0.54688	Different	128	143	14	1	4	66	35	18	40
NA12342	NA12348	0.64029	Different	139	143	4	0	18	71	43	19	31
NA12342	NA12400	0.63571	Different	140	143	3	0	20	69	35	27	24
NA12342	NA12414	0.65693	Different	137	143	6	0	24	66	37	21	26
NA12342	NA12489	0.57724	Different	123	143	20	0	11	60	48	10	42
NA12342	NA12748	0.63504	Different	137	143	6	0	9	78	51	20	30
NA12342	NA12750	0.58571	Different	140	143	3	0	30	52	21	31	27
NA12342	NA12760	0.73381	Different	139	143	4	0	19	83	45	17	20
NA12342	NA12761	0.59854	Different	137	143	6	0	16	66	41	24	31
NA12342	NA12762	0.59286	Different	140	143	3	0	17	66	43	22	35
NA12342	NA12763	0.62121	Different	132	143	11	0	22	60	40	17	33
NA12342	NA12775	0.60714	Different	140	143	3	0	21	64	35	25	30
NA12342	NA12812	0.64748	Different	139	143	3	1	11	79	49	21	28
NA12342	NA12815	0.70677	Different	133	143	10	0	23	71	36	19	20
NA12342	NA12829	0.62791	Different	129	143	14	0	19	62	33	22	26
NA12342	NA12830	0.55556	Different	135	143	8	0	13	62	38	29	31
NA12342	NA12842	0.74783	Different	115	143	28	0	16	70	42	11	18
NA12342	NA12843	0.70714	Different	140	143	3	0	18	81	43	21	20
NA12342	NA12872	0.57037	Different	135	143	8	0	15	62	37	26	32
NA12342	NA12873	0.59398	Different	133	143	9	1	11	68	45	22	32
NA12342	NA12874	0.70229	Different	131	143	12	0	26	66	35	18	21
NA12342	NA12889	0.67089	Not Valid	79	143	62	2	7	46	38	5	21
NA12342	NA12890	0.64234	Different	137	143	6	0	17	71	46	16	33
NA12348	NA12400	0.61429	Different	140	143	3	0	11	75	30	25	29
NA12348	NA12414	0.63504	Different	137	143	6	0	28	59	25	12	38
NA12348	NA12489	0.52033	Different	123	143	20	0	9	55	40	8	51
NA12348	NA12748	0.61314	Different	137	143	6	0	13	71	40	12	41
NA12348	NA12750	0.72143	Different	140	143	3	0	31	70	22	12	27
NA12348	NA12760	0.57554	Different	139	143	4	0	12	68	29	25	34
NA12348	NA12761	0.58394	Different	137	143	6	0	16	64	31	17	40
NA12348	NA12762	0.56429	Different	140	143	3	0	16	63	33	16	45
NA12348	NA12763	0.69697	Different	132	143	11	0	16	76	38	6	34
NA12348	NA12775	0.65	Different	140	143	3	0	15	76	33	18	31
NA12348	NA12812	0.5942	Different	138	143	5	0	6	76	40	18	38
NA12348	NA12815	0.69173	Different	133	143	10	0	16	76	30	14	27
NA12348	NA12829	0.63566	Different	129	143	14	0	15	67	29	17	30
NA12348	NA12830	0.59259	Different	135	143	8	0	12	68	33	19	36
NA12348	NA12842	0.57391	Different	115	143	28	0	17	49	24	13	36
NA12348	NA12843	0.62143	Different	140	143	3	0	18	69	28	20	33
NA12348	NA12872	0.57037	Different	135	143	8	0	15	62	30	19	39
NA12348	NA12873	0.55303	Different	132	143	11	0	7	66	36	19	40
NA12348	NA12874	0.67939	Different	131	143	12	0	16	73	31	16	26
NA12348	NA12889	0.57143	Not Valid	77	143	66	0	2	42	30	5	28
NA12348	NA12890	0.56934	Different	137	143	6	0	15	63	34	14	45
NA12400	NA12414	0.66667	Different	138	143	5	0	20	72	38	22	24
NA12400	NA12489	0.6371	Different	124	143	19	0	10	69	54	8	37
NA12400	NA12748	0.5942	Different	138	143	5	0	8	74	50	24	32
NA12400	NA12750	0.64539	Different	141	143	2	0	26	65	27	28	22
NA12400	NA12760	0.65	Different	140	143	3	0	23	68	36	21	28
NA12400	NA12761	0.60432	Different	139	143	3	1	11	73	44	26	29
NA12400	NA12762	0.64539	Different	141	143	2	0	21	70	45	16	34
NA12400	NA12763	0.64662	Different	133	143	10	0	24	62	41	15	32
NA12400	NA12775	0.64539	Different	141	143	2	0	23	68	37	21	29
NA12400	NA12812	0.58993	Different	139	143	4	0	18	64	41	21	36
NA12400	NA12815	0.6194	Different	134	143	9	0	15	68	34	28	23
NA12400	NA12829	0.68462	Different	130	143	13	0	20	69	36	18	23
NA12400	NA12830	0.63971	Different	136	143	7	0	19	68	41	20	29
NA12400	NA12842	0.68103	Different	116	143	27	0	18	61	36	13	24
NA12400	NA12843	0.58865	Different	141	143	2	0	25	58	30	26	32
NA12400	NA12872	0.64964	Different	137	143	5	1	14	75	43	21	27
NA12400	NA12873	0.61654	Different	133	143	10	0	13	69	44	18	33
NA12400	NA12874	0.62121	Different	132	143	11	0	14	68	35	27	23
NA12400	NA12889	0.58974	Not Valid	78	143	65	0	5	41	32	5	27
NA12400	NA12890	0.62319	Different	138	143	5	0	23	63	43	16	36
NA12414	NA12489	0.59504	Different	121	143	22	0	12	60	46	7	42
NA12414	NA12748	0.56618	Different	136	143	6	1	14	63	41	20	39
NA12414	NA12750	0.56522	Different	138	143	5	0	17	61	22	37	23
NA12414	NA12760	0.62774	Different	137	143	6	0	23	63	33	20	31
NA12414	NA12761	0.62963	Different	135	143	8	0	18	67	38	18	32
NA12414	NA12762	0.63768	Different	138	143	5	0	20	68	41	14	36
NA12414	NA12763	0.62308	Different	130	143	13	0	5	76	45	22	27
NA12414	NA12775	0.68116	Different	138	143	5	0	12	82	42	22	22
NA12414	NA12812	0.66912	Different	136	143	7	0	19	72	43	12	33
NA12414	NA12815	0.67176	Different	131	143	12	0	21	67	31	19	24
NA12414	NA12829	0.62205	Different	127	143	16	0	12	67	33	22	26
NA12414	NA12830	0.65414	Different	133	143	10	0	13	74	40	18	28
NA12414	NA12842	0.57522	Different	113	143	30	0	19	46	27	17	31
NA12414	NA12843	0.57246	Different	138	143	5	0	15	64	31	29	30
NA12414	NA12872	0.73684	Different	133	143	10	0	21	77	43	10	25
NA12414	NA12873	0.63846	Different	130	143	13	0	16	67	43	15	32
NA12414	NA12874	0.69231	Different	130	143	12	1	21	69	35	18	22
NA12414	NA12889	0.62338	Not Valid	77	143	64	2	7	41	35	6	23
NA12414	NA12890	0.59259	Different	135	143	8	0	15	65	40	18	37
NA12489	NA12748	0.54918	Different	122	143	20	1	8	59	22	3	52
NA12489	NA12750	0.62903	Different	124	143	19	0	11	67	10	12	34
NA12489	NA12760	0.58537	Different	123	143	20	0	8	64	17	8	43
NA12489	NA12761	0.55372	Different	121	143	22	0	10	57	15	7	47
NA12489	NA12762	0.45161	Uncertain	124	143	19	0	5	51	16	12	56
NA12489	NA12763	0.53846	Different	117	143	25	1	6	57	18	7	47
NA12489	NA12775	0.58065	Different	124	143	19	0	6	66	15	12	40
NA12489	NA12812	0.4878	Different	123	143	19	1	3	57	18	12	51
NA12489	NA12815	0.63248	Different	117	143	26	0	4	70	18	9	34
NA12489	NA12829	0.5641	Different	117	143	22	4	0	66	15	14	37
NA12489	NA12830	0.475	Different	120	143	22	1	6	51	14	12	51
NA12489	NA12842	0.56566	Not Valid	99	143	44	0	4	52	15	7	36
NA12489	NA12843	0.60484	Different	124	143	19	0	9	66	16	8	41
NA12489	NA12872	0.54622	Different	119	143	24	0	6	59	15	9	45
NA12489	NA12873	0.4569	Uncertain	116	143	27	0	5	48	16	10	53
NA12489	NA12874	0.6087	Different	115	143	28	0	13	57	11	6	39
NA12489	NA12889	0.36232	Not Valid	69	143	66	8	1	24	11	4	40
NA12489	NA12890	0.47541	Different	122	143	20	1	4	54	18	11	53
NA12748	NA12750	0.61594	Different	138	143	5	0	11	74	19	26	27
NA12748	NA12760	0.57664	Different	137	143	6	0	14	65	24	18	40
NA12748	NA12761	0.4963	Different	135	143	8	0	8	59	24	22	46
NA12748	NA12762	0.61594	Different	138	143	5	0	13	72	34	10	43
NA12748	NA12763	0.53435	Different	131	143	11	1	12	58	26	15	46
NA12748	NA12775	0.61594	Different	138	143	5	0	17	68	25	14	39
NA12748	NA12812	0.57353	Different	136	143	7	0	14	64	29	12	46
NA12748	NA12815	0.62595	Different	131	143	12	0	13	69	25	17	32
NA12748	NA12829	0.74016	Different	127	143	16	0	12	82	35	8	25
NA12748	NA12830	0.67669	Different	133	143	10	0	12	78	34	10	33
NA12748	NA12842	0.58772	Different	114	143	28	1	14	53	23	12	35
NA12748	NA12843	0.57246	Different	138	143	5	0	18	61	20	19	40
NA12748	NA12872	0.63158	Different	133	143	10	0	15	69	30	10	39
NA12748	NA12873	0.51538	Different	130	143	13	0	14	53	26	15	48
NA12748	NA12874	0.66667	Different	129	143	14	0	11	75	27	15	28
NA12748	NA12889	0.55696	Not Valid	79	143	60	4	1	43	28	4	31
NA12748	NA12890	0.625	Different	136	143	6	1	9	76	37	10	41
NA12750	NA12760	0.65	Different	140	143	3	0	27	64	40	24	25
NA12750	NA12761	0.61871	Different	139	143	3	1	11	75	50	30	23
NA12750	NA12762	0.58865	Different	141	143	2	0	18	65	48	27	31
NA12750	NA12763	0.66165	Different	133	143	10	0	22	66	47	19	26
NA12750	NA12775	0.73759	Different	141	143	2	0	28	76	47	18	19
NA12750	NA12812	0.66187	Different	139	143	4	0	16	76	53	22	25
NA12750	NA12815	0.64925	Different	134	143	9	0	18	69	40	30	17
NA12750	NA12829	0.60769	Different	130	143	13	0	14	65	39	30	21
NA12750	NA12830	0.625	Different	136	143	7	0	17	68	45	26	25
NA12750	NA12842	0.7069	Different	116	143	27	0	16	66	43	17	17
NA12750	NA12843	0.7234	Different	141	143	2	0	18	84	49	25	14
NA12750	NA12872	0.67647	Different	136	143	7	0	29	63	43	17	27
NA12750	NA12873	0.67164	Different	134	143	8	1	21	69	50	17	27
NA12750	NA12874	0.59848	Different	132	143	11	0	23	56	35	31	22
NA12750	NA12889	0.59494	Not Valid	79	143	63	1	8	39	37	10	22
NA12750	NA12890	0.68841	Different	138	143	5	0	17	78	56	20	23
NA12760	NA12761	0.67153	Different	137	143	6	0	13	79	43	17	28
NA12760	NA12762	0.59286	Different	140	143	3	0	10	73	43	22	35
NA12760	NA12763	0.60606	Different	132	143	11	0	16	64	38	16	36
NA12760	NA12775	0.69286	Different	140	143	3	0	20	77	39	16	27
NA12760	NA12812	0.7029	Different	138	143	5	0	14	83	48	12	29
NA12760	NA12815	0.62406	Different	133	143	10	0	19	64	31	24	26
NA12760	NA12829	0.62791	Different	129	143	14	0	16	65	33	21	27
NA12760	NA12830	0.64444	Different	135	143	8	0	12	75	41	21	27
NA12760	NA12842	0.59829	Different	117	143	24	2	14	56	32	18	29
NA12760	NA12843	0.65	Different	140	143	3	0	25	66	31	19	30
NA12760	NA12872	0.62222	Different	135	143	8	0	14	70	38	21	30
NA12760	NA12873	0.53788	Different	132	143	11	0	15	56	35	21	40
NA12760	NA12874	0.61832	Different	131	143	12	0	22	59	28	21	29
NA12760	NA12889	0.46835	Not Valid	79	143	62	2	3	34	26	9	33
NA12760	NA12890	0.61314	Different	137	143	6	0	14	70	44	17	36
NA12761	NA12762	0.6087	Different	138	143	5	0	15	69	37	14	40
NA12761	NA12763	0.59542	Different	131	143	11	1	14	64	33	14	39
NA12761	NA12775	0.55797	Different	138	143	5	0	28	49	21	17	44
NA12761	NA12812	0.52941	Different	136	143	7	0	11	61	32	20	44
NA12761	NA12815	0.60305	Different	131	143	12	0	11	68	26	23	29
NA12761	NA12829	0.51969	Different	127	143	16	0	14	52	23	26	35
NA12761	NA12830	0.59398	Different	133	143	10	0	14	65	32	17	37
NA12761	NA12842	0.66667	Different	114	143	28	1	16	60	30	10	28
NA12761	NA12843	0.57246	Different	138	143	5	0	10	69	29	27	32
NA12761	NA12872	0.58955	Different	134	143	8	1	10	69	33	19	36
NA12761	NA12873	0.58015	Different	131	143	11	1	9	67	37	16	39
NA12761	NA12874	0.62791	Different	129	143	14	0	13	68	28	19	29
NA12761	NA12889	0.55263	Not Valid	76	143	66	1	4	38	29	5	29
NA12761	NA12890	0.59259	Different	135	143	8	0	9	71	39	17	38
NA12762	NA12763	0.6391	Different	133	143	10	0	11	74	37	12	36
NA12762	NA12775	0.64539	Different	141	143	2	0	17	74	30	15	35
NA12762	NA12812	0.57554	Different	139	143	4	0	12	68	34	16	43
NA12762	NA12815	0.70896	Different	134	143	9	0	16	79	30	11	28
NA12762	NA12829	0.59231	Different	130	143	13	0	12	65	25	19	34
NA12762	NA12830	0.60294	Different	136	143	7	0	10	72	33	17	37
NA12762	NA12842	0.64957	Different	117	143	25	1	9	67	31	11	30
NA12762	NA12843	0.66667	Different	141	143	2	0	21	73	29	13	34
NA12762	NA12872	0.57353	Different	136	143	7	0	17	61	27	16	42
NA12762	NA12873	0.61654	Different	133	143	10	0	10	72	36	11	40
NA12762	NA12874	0.65414	Different	133	143	9	1	22	65	25	13	33
NA12762	NA12889	0.56962	Not Valid	79	143	63	1	3	42	29	4	30
NA12762	NA12890	0.61594	Different	138	143	5	0	9	76	40	13	40
NA12763	NA12775	0.59398	Different	133	143	10	0	14	65	28	17	37
NA12763	NA12812	0.58779	Different	131	143	12	0	14	63	31	13	41
NA12763	NA12815	0.6063	Different	127	143	15	1	18	59	21	18	32
NA12763	NA12829	0.57377	Different	122	143	21	0	15	55	22	19	33
NA12763	NA12830	0.64844	Different	128	143	15	0	15	68	32	12	33
NA12763	NA12842	0.63063	Different	111	143	29	3	4	66	32	16	25
NA12763	NA12843	0.6015	Different	133	143	10	0	17	63	24	18	35
NA12763	NA12872	0.58594	Different	128	143	15	0	11	64	30	16	37
NA12763	NA12873	0.59524	Different	126	143	16	1	11	64	32	11	40
NA12763	NA12874	0.608	Different	125	143	17	1	17	59	22	16	33
NA12763	NA12889	0.6	Not Valid	75	143	63	5	3	42	27	2	28
NA12763	NA12890	0.60769	Different	130	143	13	0	8	71	37	13	38
NA12775	NA12812	0.65468	Different	139	143	4	0	20	71	42	12	36
NA12775	NA12815	0.67164	Different	134	143	9	0	17	73	33	19	25
NA12775	NA12829	0.69231	Different	130	143	13	0	22	68	34	15	25
NA12775	NA12830	0.58824	Different	136	143	7	0	18	62	34	21	35
NA12775	NA12842	0.61207	Different	116	143	27	0	16	55	30	15	30
NA12775	NA12843	0.70922	Different	141	143	2	0	18	82	40	18	23
NA12775	NA12872	0.60294	Different	136	143	7	0	21	61	33	18	36
NA12775	NA12873	0.63158	Different	133	143	10	0	20	64	38	10	39
NA12775	NA12874	0.62879	Different	132	143	11	0	27	56	25	17	32
NA12775	NA12889	0.64103	Not Valid	78	143	65	0	6	44	33	3	25
NA12775	NA12890	0.63768	Different	138	143	5	0	15	73	44	15	35
NA12812	NA12815	0.54545	Different	132	143	11	0	14	58	21	24	36
NA12812	NA12829	0.57031	Different	128	143	15	0	12	61	24	21	34
NA12812	NA12830	0.53731	Different	134	143	9	0	8	64	29	23	39
NA12812	NA12842	0.61404	Different	114	143	29	0	11	59	29	13	31
NA12812	NA12843	0.68345	Different	139	143	4	0	15	80	32	14	30
NA12812	NA12872	0.5	Different	134	143	9	0	11	56	24	24	43
NA12812	NA12873	0.57576	Different	132	143	10	1	5	71	37	17	39
NA12812	NA12874	0.58015	Different	131	143	11	1	13	63	24	22	33
NA12812	NA12889	0.60256	Not Valid	78	143	63	2	2	45	30	2	29
NA12812	NA12890	0.58824	Different	136	143	7	0	10	70	37	14	42
NA12815	NA12829	0.67742	Different	124	143	18	1	19	65	35	18	22
NA12815	NA12830	0.68217	Different	129	143	14	0	15	73	43	17	24
NA12815	NA12842	0.63636	Different	110	143	32	1	16	54	33	13	27
NA12815	NA12843	0.63433	Different	134	143	9	0	20	65	33	23	26
NA12815	NA12872	0.65116	Different	129	143	14	0	18	66	39	17	28
NA12815	NA12873	0.65625	Different	128	143	13	2	17	67	43	14	30
NA12815	NA12874	0.56	Different	125	143	18	0	13	57	29	29	26
NA12815	NA12889	0.58667	Not Valid	75	143	64	4	3	41	32	8	23
NA12815	NA12890	0.61069	Different	131	143	12	0	19	61	39	16	35
NA12829	NA12830	0.61417	Different	127	143	14	2	7	71	39	23	26
NA12829	NA12842	0.62963	Different	108	143	32	3	7	61	34	17	23
NA12829	NA12843	0.69231	Different	130	143	13	0	15	75	37	18	22
NA12829	NA12872	0.56	Different	125	143	18	0	15	55	30	22	33
NA12829	NA12873	0.65041	Different	123	143	19	1	9	71	44	14	29
NA12829	NA12874	0.60331	Different	121	143	22	0	20	53	27	22	26
NA12829	NA12889	0.49315	Not Valid	73	143	64	6	5	31	26	9	28
NA12829	NA12890	0.66142	Different	127	143	16	0	14	70	41	12	31
NA12830	NA12842	0.56637	Different	113	143	28	2	13	51	28	18	31
NA12830	NA12843	0.61029	Different	136	143	7	0	12	71	31	23	30
NA12830	NA12872	0.51908	Different	131	143	12	0	19	49	24	20	43
NA12830	NA12873	0.46094	Uncertain	128	143	15	0	11	48	28	22	47
NA12830	NA12874	0.59055	Different	127	143	16	0	27	48	19	17	35
NA12830	NA12889	0.57333	Not Valid	75	143	66	2	4	39	29	4	28
NA12830	NA12890	0.49254	Different	134	143	8	1	9	57	34	24	44
NA12842	NA12843	0.62069	Different	116	143	27	0	15	57	24	16	28
NA12842	NA12872	0.64602	Different	113	143	28	2	12	61	29	13	27
NA12842	NA12873	0.57798	Different	109	143	33	1	11	52	30	12	34
NA12842	NA12874	0.44954	Uncertain	109	143	32	2	8	41	16	28	32
NA12842	NA12889	0.54286	Not Valid	70	143	56	17	1	37	27	6	26
NA12842	NA12890	0.55263	Different	114	143	28	1	5	58	33	17	34
NA12843	NA12872	0.73529	Different	136	143	7	0	12	88	50	16	20
NA12843	NA12873	0.57143	Different	133	143	10	0	16	60	38	18	39
NA12843	NA12874	0.70455	Different	132	143	11	0	21	72	36	17	22
NA12843	NA12889	0.59494	Not Valid	79	143	63	1	4	43	33	6	26
NA12843	NA12890	0.63768	Different	138	143	5	0	10	78	48	19	31
NA12872	NA12873	0.51163	Different	129	143	13	1	12	54	30	20	43
NA12872	NA12874	0.60156	Different	128	143	14	1	22	55	24	19	32
NA12872	NA12889	0.57143	Not Valid	77	143	62	4	4	40	29	3	30
NA12872	NA12890	0.68421	Different	133	143	10	0	12	79	43	9	33
NA12873	NA12874	0.616	Different	125	143	17	1	20	57	20	13	35
NA12873	NA12889	0.51948	Not Valid	77	143	59	7	5	35	24	4	33
NA12873	NA12890	0.56154	Different	130	143	13	0	10	63	32	14	43
NA12874	NA12889	0.54795	Not Valid	73	143	66	4	2	38	32	10	23
NA12874	NA12890	0.64341	Different	129	143	14	0	11	72	47	17	29
NA12889	NA12890	0.46753	Not Valid	77	143	64	2	5	31	10	5	36
